1
48
2 1 1 1 1 1 1 1 1 2
1 1 1 1 1 1 1 1 1 1
1 1 1 1 1 1 1 1 1 1
1 1 1 1 1 1 1 1 1 1
1 1 1 1 1 1 1 1 1 1
2
16
2 0 1 0 1 0 1 0 1 2
0 0 0 0 0 0 0 0 0 0
0 0 1 1 1 1 1 1 0 0
0 0 1 1 1 1 1 1 0 0
0 0 0 0 0 0 0 0 0 0
3
9
2 0 0 0 0 0 0 0 0 2
0 0 0 1 1 0 0 0 0 0
0 0 0 0 0 0 0 0 0 0
0 1 1 0 0 0 0 0 0 0
0 0 0 0 1 1 1 1 1 0
4
3
2 0 0 0 0 0 0 0 0 2
0 0 0 0 0 0 0 0 0 0
0 0 0 0 0 0 0 0 0 0
0 0 0 0 0 0 1 1 0 0
0 0 0 0 0 0 0 1 0 0
5
2
2 0 0 0 0 0 0 0 0 2
0 0 0 1 1 0 0 0 0 0
0 0 0 0 0 0 0 0 0 0
0 0 0 0 0 0 0 0 0 0
0 0 0 0 0 0 0 0 0 0
6
4
2 0 0 0 0 0 0 0 0 2
0 0 0 0 0 0 0 0 0 0
0 0 0 0 0 0 0 0 0 0
0 0 0 0 0 0 1 1 1 1
0 0 0 0 0 0 0 0 0 0
7
30
2 0 1 1 1 1 1 0 0 2
1 1 0 0 0 1 0 0 1 0
1 1 1 1 1 1 0 1 1 0
1 1 0 1 1 0 0 1 1 0
1 1 1 1 1 0 0 0 1 1
8
5
2 0 0 0 0 0 0 0 0 2
0 0 0 0 0 0 0 0 0 0
0 0 0 1 1 1 0 0 0 0
0 0 0 0 1 1 0 0 0 0
0 0 0 0 0 0 0 0 0 0
9
7
2 0 0 0 0 0 0 0 0 2
0 0 0 0 0 0 0 0 0 0
0 1 0 0 0 0 0 0 0 0
0 1 1 1 0 0 0 0 0 0
0 0 1 1 0 1 0 0 0 0
10
9
2 0 0 0 0 0 1 0 0 2
0 0 0 0 0 0 1 1 0 0
0 1 0 1 0 1 0 1 0 0
0 0 0 0 0 0 0 0 0 0
0 0 0 0 1 1 0 0 0 0
11
2
2 0 0 0 0 0 0 0 0 2
0 0 0 0 0 0 0 0 0 0
0 0 0 0 0 0 0 0 0 0
0 0 0 0 0 0 0 0 0 0
0 0 0 0 1 1 0 0 0 0
12
5
2 0 0 0 0 0 0 0 0 2
0 0 0 0 0 0 0 0 0 0
0 0 0 0 1 1 0 0 0 0
0 0 0 0 0 0 0 0 0 0
0 0 0 1 0 1 0 1 0 0
